,Total Time,Current,Voltage,Step,SoC,OCV,R0,Model Voltage
0,35.5,0.0,3.4930000000000003,1,0.06431586825735403,3.397138732432771,0.0,3.397138732432771
67,3960.0,10.665,3.556,2,0.09959672166261047,3.4810963823748637,0.0070233115447854025,3.556
68,4260.0,10.665,3.576,2,0.1293650496648856,3.5276257653821457,0.004535793213113399,3.576
69,4560.0,10.665,3.6,2,0.15913337766716074,3.5575174547593695,0.003983361016467938,3.6
70,4860.0,10.665,3.626,2,0.1889017056694361,3.5752941686168405,0.004754414569447673,3.626
71,5160.0,10.665,3.65,2,0.21867003367171145,3.584798793067984,0.006113568394938212,3.65
72,5460.0,10.665,3.668,2,0.24843836167398659,3.589242303390449,0.0073846879146321,3.668
73,5760.0,10.665,3.678,2,0.2782066896762617,3.5912516851872147,0.008133925439548545,3.678
74,6060.0,10.665,3.686,2,0.3079750176785371,3.5929178555476926,0.008727814763460604,3.686
75,6360.0,10.665,3.694,2,0.33774334568081243,3.595843584208834,0.009203602043241057,3.694
76,6660.0,10.665,3.704,2,0.36751167368308735,3.601191414716231,0.00963981109083629,3.704
77,6960.0,10.665,3.714,2,0.3972800016853627,3.6097315855852266,0.009776691459425543,3.714
78,7260.0,10.665,3.726,2,0.42704832968763806,3.621889951462012,0.009761842338301715,3.726
79,7560.0,10.665,3.739,2,0.4568166576899132,3.6377959042847388,0.009489366686850551,3.739
80,7860.0,10.665,3.755,2,0.48658498569218855,3.657330294444617,0.009157965827977758,3.755
81,8160.0,10.665,3.774,2,0.5163533136944637,3.6801733519470243,0.008797622883542026,3.774
82,8460.0,10.665,3.795,2,0.546121641696739,3.705852607572611,0.008358874114148046,3.795
83,8760.0,10.665,3.821,2,0.5758899696990142,3.7337908140384006,0.008177138861847122,3.821
84,9060.0,10.665,3.851,2,0.6056582977012893,3.7633538671588953,0.008218109033390032,3.851
85,9360.0,10.665,3.878,2,0.6354266257035647,3.793898727007187,0.007885726487839965,3.878
86,9660.0,10.665,3.906,2,0.66519495370584,3.824821339076051,0.007611688787993373,3.906
87,9960.0,10.665,3.933,2,0.6949632817081152,3.855604555439058,0.0072569568270925405,3.933
88,10260.0,10.665,3.962,2,0.7247316097103905,3.885866055911683,0.007138672675885355,3.962
89,10560.0,10.665,3.991,2,0.7544999377126657,3.9154062692123954,0.00708801976442613,3.991
90,10860.0,10.665,4.021,2,0.7842682657149408,3.9442562941237846,0.007195846776954081,4.021
91,11160.0,10.665,4.052,2,0.8140365937172159,3.9727258206536353,0.007433115738055722,4.052
92,11460.0,10.665,4.083,2,0.8438049217194913,4.001451051196071,0.007646408701728025,4.083
93,11760.0,10.665,4.115,2,0.8735732497217666,4.031442621692613,0.007834728392628887,4.115
94,12060.0,10.665,4.147,2,0.9033415777240418,4.0641335227933295,0.007769946292233543,4.147
95,12360.0,10.665,4.181,2,0.9331099057263171,4.101427021017913,0.007461132581536536,4.181
96,12660.0,7.05,4.2,2,0.9578331092218776,4.13761847019523,0.008848443943939018,4.2
97,12960.0,3.425,4.2,2,0.9724521076196194,4.1619651285920085,0.011105071943939173,4.2
98,13260.0,1.91,4.2,2,0.9798976786412855,4.175364128741895,0.012898361915238082,4.2
106,13723.5,0.0,4.1930000000000005,3,0.9816635187389168,4.178649396981563,0.0,4.178649396981563
107,14023.5,0.0,4.191,3,0.9816635187389168,4.178649396981563,0.0,4.178649396981563
108,14323.5,0.0,4.19,3,0.9816635187389168,4.178649396981563,0.0,4.178649396981563
109,14623.5,0.0,4.189,3,0.9816635187389168,4.178649396981563,0.0,4.178649396981563
110,14923.5,0.0,4.188,3,0.9816635187389168,4.178649396981563,0.0,4.178649396981563
111,15223.5,0.0,4.187,3,0.9816635187389168,4.178649396981563,0.0,4.178649396981563
112,15523.5,0.0,4.186,3,0.9816635187389168,4.178649396981563,0.0,4.178649396981563
113,15823.5,0.0,4.186,3,0.9816635187389168,4.178649396981563,0.0,4.178649396981563
114,16123.5,0.0,4.186,3,0.9816635187389168,4.178649396981563,0.0,4.178649396981563
115,16423.5,0.0,4.185,3,0.9816635187389168,4.178649396981563,0.0,4.178649396981563
116,16723.5,0.0,4.185,3,0.9816635187389168,4.178649396981563,0.0,4.178649396981563
1355,24621.6,10.665,3.429,25,0.03896243590294457,3.3121751418276837,0.010954042022720689,3.429
1356,24921.6,10.665,3.528,25,0.06873076390521982,3.4096620032621687,0.011095920931817282,3.528
1357,25221.6,10.665,3.5460000000000003,25,0.09849909190749495,3.478996906001722,0.006282521706355199,3.5460000000000003
1358,25521.6,10.665,3.56,25,0.1282674199097703,3.5262355126693308,0.0031659153615254836,3.56
1359,25821.6,10.665,3.58,25,0.15803574791204544,3.5566560446005764,0.0021888378246060656,3.58
1360,26121.6,10.665,3.605,25,0.18780407591432058,3.574807203004744,0.002831017064721614,3.605
1361,26421.6,10.665,3.629,25,0.21757240391659594,3.584556090125924,0.004167267686270593,3.629
1362,26721.6,10.665,3.652,25,0.2473407319188713,3.5891361304041176,0.005894408775985235,3.652
1363,27021.6,10.665,3.667,25,0.27710905992114665,3.591194991636341,0.007107830132551242,3.667
1364,27321.6,10.665,3.677,25,0.30687738792342156,3.5928425061377314,0.007890998018028006,3.677
1365,27621.6,10.665,3.685,25,0.3366457159256969,3.59569859190265,0.008373315339648382,3.685
1366,27921.6,10.665,3.694,25,0.3664140439279723,3.6009411737657877,0.00872562833888535,3.694
1367,28221.6,10.665,3.704,25,0.3961823719302474,3.6093541045632698,0.00887443932833853,3.704
1368,28521.6,10.665,3.714,25,0.42595069993252255,3.621375086293759,0.00868494268225421,3.714
1369,28821.6,10.665,3.726,25,0.4557190279347979,3.637143591279562,0.00833159012849862,3.726
1370,29121.6,10.665,3.74,25,0.48548735593707326,3.6565487833277333,0.007824774183991277,3.74
1371,29421.6,10.665,3.756,25,0.5152556839393486,3.679277438891182,0.0071938641452243615,3.756
1372,29721.6,10.665,3.775,25,0.5450240119416235,3.704861868229769,0.006576477428057268,3.775
1373,30021.6,10.665,3.798,25,0.5747923399438989,3.7327278365714243,0.006120221606054926,3.798
1374,30321.6,10.665,3.824,25,0.6045606679461742,3.7622424852732386,0.005790671798102324,3.824
1375,30621.6,10.665,3.855,25,0.6343289959484492,3.792762252982575,0.00583570061110407,3.855
1376,30921.6,10.665,3.883,25,0.6640973239507245,3.8236807967981767,0.005562044369603682,3.883
1377,31221.6,10.665,3.91,25,0.6938656519529999,3.8544769134312613,0.005206102819384795,3.91
1378,31521.6,10.665,3.938,25,0.7236339799552752,3.884762460366635,0.004991799309270071,3.938
1379,31821.6,10.665,3.967,25,0.7534023079575504,3.9143302770237915,0.004938558178734977,3.967
1380,32121.6,10.665,3.997,25,0.7831706359598257,3.943202105918022,0.005044340748427389,3.997
1381,32421.6,10.665,4.027,25,0.8129389639621009,3.9716765138215098,0.0051873873585082395,4.027
1382,32721.6,10.665,4.058,25,0.842707291964376,4.000376812924456,0.005403018009896289,4.058
1383,33021.6,10.665,4.09,25,0.8724756199666511,4.030298981996152,0.005597845101157783,4.09
1384,33321.6,10.665,4.123,25,0.9022439479689265,4.062859587546117,0.005639044768296591,4.123
1385,33621.6,10.665,4.156000000000001,25,0.9320122759712018,4.099943704985183,0.0052560989230959025,4.156000000000001
1386,33921.6,10.665,4.189,25,0.961780603973477,4.143952839786592,0.004223831243638833,4.189
1387,34221.6,5.6,4.2,25,0.9844801752325959,4.183978512355815,0.0028609799364615845,4.2
1388,34521.6,2.69,4.2,25,0.9960497691912863,4.207077852149082,0.002631171802632618,4.214155704298164
