,Total Time,Current,OCV,SoC
0,60.0,0.0,3.298,0.46351057983127286
965,15653.4,0.0,2.556,0.012604156157612012
1389,36392.4,0.0,3.607,0.9205174540103764
2166,42532.8,0.0,3.302,0.8237371088529051
2943,48673.2,0.0,3.2880000000000003,0.7269567636954348
3720,54813.6,0.0,3.272,0.630176121852305
4497,60954.0,0.0,3.262,0.5333954800091756
5274,67094.4,0.0,3.252,0.4366151348517051
6051,73234.8,0.0,3.238,0.3398344930085745
6828,79375.2,0.0,3.217,0.24305414785110402
7605,85515.6,0.0,3.178,0.1462735060079735
8382,91656.0,0.0,3.07,0.04949316085050304
9397,123764.6,0.0,3.608,0.911489546777607
11116,142632.6,0.0,2.5580000000000003,0.0
11459,146055.8,0.0,3.3360000000000003,0.4556913699703117
