,Total Time,Current,Voltage,Step,SoC,OCV,R0,Model Voltage
0,1.8,0.0,3.301,1,0.46435967291227354,3.2739822939222987,0.0,3.2739822939222987
970,15981.6,0.0,2.617,3,0.01164665621240335,2.655447853338467,0.0,2.655447853338467
971,16281.6,0.0,2.635,3,0.01164665621240335,2.655447853338467,0.0,2.655447853338467
973,16881.6,0.0,2.658,3,0.01164665621240335,2.655447853338467,0.0,2.655447853338467
974,17181.6,0.0,2.6660000000000004,3,0.01164665621240335,2.655447853338467,0.0,2.655447853338467
975,17481.6,0.0,2.674,3,0.01164665621240335,2.655447853338467,0.0,2.655447853338467
976,17781.6,0.0,2.681,3,0.01164665621240335,2.655447853338467,0.0,2.655447853338467
977,18081.6,0.0,2.687,3,0.01164665621240335,2.655447853338467,0.0,2.655447853338467
978,18381.6,0.0,2.692,3,0.01164665621240335,2.655447853338467,0.0,2.655447853338467
979,18681.6,0.0,2.697,3,0.01164665621240335,2.655447853338467,0.0,2.655447853338467
980,18981.6,0.0,2.701,3,0.01164665621240335,2.655447853338467,0.0,2.655447853338467
1342,23121.6,6.0,3.318,4,0.2210268258740864,3.250620918642038,0.011229846892993667,3.318
1343,23421.6,6.0,3.325,4,0.23715366821003114,3.2471114130929646,0.012981431151172599,3.325
1344,23721.6,6.0,3.332,4,0.2532805105459759,3.2429299407136405,0.014845009881059893,3.332
1345,24021.6,6.0,3.337,4,0.26940735288192075,3.238718756871069,0.01638020718815521,3.337
1346,24321.6,6.0,3.341,4,0.2855341952178655,3.2349924045105656,0.017667932581572437,3.341
1347,24621.6,6.0,3.344,4,0.30166103755381024,3.2321470093059586,0.018642165115673553,3.344
1348,24921.6,6.0,3.346,4,0.317787879889755,3.2304695748097965,0.019255070865033936,3.346
1349,25221.6,6.0,3.347,4,0.33391472222569984,3.2301472776035425,0.019475453732742915,3.347
1350,25521.6,6.0,3.3480000000000003,4,0.3500415645616446,3.2312767624477816,0.01945387292536978,3.3480000000000003
1351,25821.6,6.0,3.349,4,0.36616840689758934,3.23387343743242,0.019187760427930023,3.349
1352,26121.6,6.0,3.3510000000000004,4,0.3822952492335341,3.2378807691268876,0.018853205145518803,3.3510000000000004
1353,26421.6,6.0,3.352,4,0.39842209156947894,3.243179577730336,0.01813673704494397,3.352
1354,26721.6,6.0,3.353,4,0.4145489339054237,3.249597332221846,0.017233777963025682,3.353
1355,27021.6,6.0,3.355,4,0.43067577624136844,3.256917445510628,0.01634709241489533,3.355
1356,27321.6,6.0,3.357,4,0.4468026185773132,3.2648885695862186,0.015351905068963593,3.357
1357,27621.6,6.0,3.358,4,0.46292946091325804,3.2732338906686835,0.01412768488855276,3.358
1358,27921.6,6.0,3.36,4,0.4790563032492027,3.28166042435883,0.013056595940195,3.36
1359,28221.6,6.0,3.362,4,0.49518314558514753,3.2898683107883935,0.012021948201934437,3.362
1360,28521.6,6.0,3.364,4,0.5113099879210924,3.2975601097702434,0.01107331503829275,3.364
1361,28821.6,6.0,3.365,4,0.5274368302570372,3.3044500959485976,0.010091650675233765,3.365
1362,29121.6,6.0,3.3680000000000003,4,0.5435636725929819,3.3102735539492008,0.009621074341799929,3.3680000000000003
1363,29421.6,6.0,3.3710000000000004,4,0.5596905149289267,3.3147960735295454,0.009367321078409171,3.3710000000000004
1364,29721.6,6.0,3.373,4,0.5758173572648716,3.317822844729073,0.009196192545154544,3.373
1365,30021.6,6.0,3.3760000000000003,4,0.5919441996008162,3.31920795301935,0.009465341163441702,3.3760000000000003
1366,30321.6,6.0,3.379,4,0.6080710419367611,3.3188636744543105,0.01002272092428158,3.379
1367,30621.6,6.0,3.381,4,0.624197884272706,3.31676977082043,0.010705038196594963,3.381
1368,30921.6,6.0,3.382,4,0.6403247266086506,3.3129827847869215,0.011502869202179763,3.382
1369,31221.6,6.0,3.383,4,0.6564515689445954,3.3076453350559643,0.012559110824005959,3.383
1370,31521.6,6.0,3.385,4,0.6725784112805403,3.300995411512889,0.014000764747851798,3.385
1371,31821.6,6.0,3.386,4,0.6887052536164849,3.2933756703763675,0.015437388270605442,3.386
1372,32121.6,6.0,3.388,4,0.7048320959524298,3.2852427293486386,0.017126211775226885,3.388
1373,32421.6,6.0,3.389,4,0.7209589382883744,3.277176462765703,0.01863725620571614,3.389
1374,32721.6,6.0,3.391,4,0.7370857806243193,3.2698892967475164,0.020185117208747272,3.391
1375,33021.6,6.0,3.393,4,0.7532126229602641,3.264235504348174,0.02146074927530428,3.393
1376,33321.6,6.0,3.395,4,0.7693394652962088,3.2612205007061728,0.022296583215637877,3.395
1377,33621.6,6.0,3.397,4,0.7854663076321536,3.2620101381945554,0.022498310300907393,3.397
1378,33921.6,6.0,3.399,4,0.8015931499680985,3.2679400015711124,0.02184333307148127,3.399
1379,34221.6,6.0,3.402,4,0.8177199923040431,3.2805247031286378,0.02024588281189373,3.402
1380,34521.6,6.0,3.406,4,0.833846834639988,3.301467177845071,0.017422137025821554,3.406
1381,34821.6,6.0,3.411,4,0.8499736769759326,3.332667978533711,0.013055336911048135,3.411
1382,35121.6,6.0,3.419,4,0.8661005193118775,3.376234570993468,0.007127571501088707,3.419
1383,35421.6,6.0,3.432,4,0.8822273616478223,3.4344906291589883,0.00041510485983139073,3.4369812583179766
1384,35721.6,6.0,3.466,4,0.898354203983767,3.509985330250923,0.007330888375153795,3.5539706605018457
1385,36021.6,4.296666666666667,3.65,4,0.9121919306436929,3.5906136322191013,0.013821497544041559,3.65
1393,36629.8,0.0,3.426,5,0.918704185508678,3.634195446344874,0.0,3.634195446344874
1394,36929.8,0.0,3.399,5,0.918704185508678,3.634195446344874,0.0,3.634195446344874
1395,37229.8,0.0,3.387,5,0.918704185508678,3.634195446344874,0.0,3.634195446344874
1396,37529.8,0.0,3.38,5,0.918704185508678,3.634195446344874,0.0,3.634195446344874
1397,37829.8,0.0,3.375,5,0.918704185508678,3.634195446344874,0.0,3.634195446344874
1415,38439.8,0.0,3.34,7,0.914806357580603,3.6076560082242763,0.0,3.6076560082242763
1416,38739.8,0.0,3.341,7,0.914806357580603,3.6076560082242763,0.0,3.6076560082242763
1417,39039.8,0.0,3.341,7,0.914806357580603,3.6076560082242763,0.0,3.6076560082242763
1418,39339.8,0.0,3.341,7,0.914806357580603,3.6076560082242763,0.0,3.6076560082242763
1419,39639.8,0.0,3.341,7,0.914806357580603,3.6076560082242763,0.0,3.6076560082242763
1437,40249.8,0.0,3.3680000000000003,9,0.9184752888733375,3.6325988523465234,0.0,3.6325988523465234
1438,40549.8,0.0,3.365,9,0.9184752888733375,3.6325988523465234,0.0,3.6325988523465234
1439,40849.8,0.0,3.363,9,0.9184752888733375,3.6325988523465234,0.0,3.6325988523465234
1440,41149.8,0.0,3.362,9,0.9184752888733375,3.6325988523465234,0.0,3.6325988523465234
1441,41449.8,0.0,3.361,9,0.9184752888733375,3.6325988523465234,0.0,3.6325988523465234
2170,42770.3,0.0,3.323,5,0.8210421337710573,3.2840958421006934,0.0,3.2840958421006934
2171,43070.3,0.0,3.325,5,0.8210421337710573,3.2840958421006934,0.0,3.2840958421006934
2172,43370.3,0.0,3.326,5,0.8210421337710573,3.2840958421006934,0.0,3.2840958421006934
2173,43670.3,0.0,3.327,5,0.8210421337710573,3.2840958421006934,0.0,3.2840958421006934
2174,43970.3,0.0,3.327,5,0.8210421337710573,3.2840958421006934,0.0,3.2840958421006934
2192,44580.3,0.0,3.3280000000000003,7,0.8171447986076091,3.2799427900795846,0.0,3.2799427900795846
2193,44880.3,0.0,3.3280000000000003,7,0.8171447986076091,3.2799427900795846,0.0,3.2799427900795846
2194,45180.3,0.0,3.329,7,0.8171447986076091,3.2799427900795846,0.0,3.2799427900795846
2195,45480.3,0.0,3.329,7,0.8171447986076091,3.2799427900795846,0.0,3.2799427900795846
2196,45780.3,0.0,3.329,7,0.8171447986076091,3.2799427900795846,0.0,3.2799427900795846
2214,46390.3,0.0,3.33,9,0.8208928858181427,3.2839275921471796,0.0,3.2839275921471796
2215,46690.3,0.0,3.33,9,0.8208928858181427,3.2839275921471796,0.0,3.2839275921471796
2216,46990.3,0.0,3.33,9,0.8208928858181427,3.2839275921471796,0.0,3.2839275921471796
2217,47290.3,0.0,3.33,9,0.8208928858181427,3.2839275921471796,0.0,3.2839275921471796
2218,47590.3,0.0,3.33,9,0.8208928858181427,3.2839275921471796,0.0,3.2839275921471796
2947,48910.8,0.0,3.315,5,0.7234597605803851,3.2759755352038287,0.0,3.2759755352038287
2948,49210.8,0.0,3.319,5,0.7234597605803851,3.2759755352038287,0.0,3.2759755352038287
2949,49510.8,0.0,3.322,5,0.7234597605803851,3.2759755352038287,0.0,3.2759755352038287
2950,49810.8,0.0,3.324,5,0.7234597605803851,3.2759755352038287,0.0,3.2759755352038287
2951,50110.8,0.0,3.325,5,0.7234597605803851,3.2759755352038287,0.0,3.2759755352038287
2969,50720.8,0.0,3.325,7,0.7195617385329117,3.2778556390785716,0.0,3.2778556390785716
2970,51020.8,0.0,3.327,7,0.7195617385329117,3.2778556390785716,0.0,3.2778556390785716
2971,51320.8,0.0,3.327,7,0.7195617385329117,3.2778556390785716,0.0,3.2778556390785716
2972,51620.8,0.0,3.3280000000000003,7,0.7195617385329117,3.2778556390785716,0.0,3.2778556390785716
2973,51920.8,0.0,3.3280000000000003,7,0.7195617385329117,3.2778556390785716,0.0,3.2778556390785716
2991,52530.8,0.0,3.33,9,0.7232682095308615,3.2760668013074374,0.0,3.2760668013074374
2992,52830.8,0.0,3.33,9,0.7232682095308615,3.2760668013074374,0.0,3.2760668013074374
2993,53130.8,0.0,3.33,9,0.7232682095308615,3.2760668013074374,0.0,3.2760668013074374
2994,53430.8,0.0,3.33,9,0.7232682095308615,3.2760668013074374,0.0,3.2760668013074374
2995,53730.8,0.0,3.33,9,0.7232682095308615,3.2760668013074374,0.0,3.2760668013074374
3724,55051.3,0.0,3.293,5,0.6258351440221493,3.316460846904583,0.0,3.316460846904583
3725,55351.3,0.0,3.295,5,0.6258351440221493,3.316460846904583,0.0,3.316460846904583
3726,55651.3,0.0,3.297,5,0.6258351440221493,3.316460846904583,0.0,3.316460846904583
3727,55951.3,0.0,3.297,5,0.6258351440221493,3.316460846904583,0.0,3.316460846904583
3728,56251.3,0.0,3.298,5,0.6258351440221493,3.316460846904583,0.0,3.316460846904583
3746,56861.3,0.0,3.297,7,0.6219373310263357,3.3171674787174714,0.0,3.3171674787174714
3747,57161.3,0.0,3.298,7,0.6219373310263357,3.3171674787174714,0.0,3.3171674787174714
3748,57461.3,0.0,3.298,7,0.6219373310263357,3.3171674787174714,0.0,3.3171674787174714
3749,57761.3,0.0,3.298,7,0.6219373310263357,3.3171674787174714,0.0,3.3171674787174714
3750,58061.3,0.0,3.299,7,0.6219373310263357,3.3171674787174714,0.0,3.3171674787174714
3768,58671.3,0.0,3.301,9,0.6256084573614994,3.3165046602725905,0.0,3.3165046602725905
3769,58971.3,0.0,3.3,9,0.6256084573614994,3.3165046602725905,0.0,3.3165046602725905
3770,59271.3,0.0,3.3,9,0.6256084573614994,3.3165046602725905,0.0,3.3165046602725905
3771,59571.3,0.0,3.3,9,0.6256084573614994,3.3165046602725905,0.0,3.3165046602725905
3772,59871.3,0.0,3.301,9,0.6256084573614994,3.3165046602725905,0.0,3.3165046602725905
4501,61191.8,0.0,3.283,5,0.5281754515818332,3.304742032437819,0.0,3.304742032437819
4502,61491.8,0.0,3.285,5,0.5281754515818332,3.304742032437819,0.0,3.304742032437819
4503,61791.8,0.0,3.287,5,0.5281754515818332,3.304742032437819,0.0,3.304742032437819
4504,62091.8,0.0,3.287,5,0.5281754515818332,3.304742032437819,0.0,3.304742032437819
4505,62391.8,0.0,3.2880000000000003,5,0.5281754515818332,3.304742032437819,0.0,3.304742032437819
4523,63001.8,0.0,3.2880000000000003,7,0.5242775788569739,3.3031764079638597,0.0,3.3031764079638597
4524,63301.8,0.0,3.289,7,0.5242775788569739,3.3031764079638597,0.0,3.3031764079638597
4525,63601.8,0.0,3.289,7,0.5242775788569739,3.3031764079638597,0.0,3.3031764079638597
4526,63901.8,0.0,3.29,7,0.5242775788569739,3.3031764079638597,0.0,3.3031764079638597
4527,64201.8,0.0,3.29,7,0.5242775788569739,3.3031764079638597,0.0,3.3031764079638597
4545,64811.8,0.0,3.292,9,0.5280131528324356,3.304678078118121,0.0,3.304678078118121
4546,65111.8,0.0,3.292,9,0.5280131528324356,3.304678078118121,0.0,3.304678078118121
4547,65411.8,0.0,3.292,9,0.5280131528324356,3.304678078118121,0.0,3.304678078118121
4548,65711.8,0.0,3.292,9,0.5280131528324356,3.304678078118121,0.0,3.304678078118121
4549,66011.8,0.0,3.292,9,0.5280131528324356,3.304678078118121,0.0,3.304678078118121
5278,67332.3,0.0,3.277,5,0.4305801171882463,3.2568718428373784,0.0,3.2568718428373784
5279,67632.3,0.0,3.282,5,0.4305801171882463,3.2568718428373784,0.0,3.2568718428373784
5280,67932.3,0.0,3.284,5,0.4305801171882463,3.2568718428373784,0.0,3.2568718428373784
5281,68232.3,0.0,3.285,5,0.4305801171882463,3.2568718428373784,0.0,3.2568718428373784
5282,68532.3,0.0,3.286,5,0.4305801171882463,3.2568718428373784,0.0,3.2568718428373784
5300,69142.3,0.0,3.286,7,0.42668243858278554,3.2550339516089357,0.0,3.2550339516089357
5301,69442.3,0.0,3.287,7,0.42668243858278554,3.2550339516089357,0.0,3.2550339516089357
5302,69742.3,0.0,3.2880000000000003,7,0.42668243858278554,3.2550339516089357,0.0,3.2550339516089357
5303,70042.3,0.0,3.2880000000000003,7,0.42668243858278554,3.2550339516089357,0.0,3.2550339516089357
5304,70342.3,0.0,3.2880000000000003,7,0.42668243858278554,3.2550339516089357,0.0,3.2550339516089357
5322,70952.3,0.0,3.29,9,0.4303730664513665,3.2567732163809437,0.0,3.2567732163809437
5323,71252.3,0.0,3.29,9,0.4303730664513665,3.2567732163809437,0.0,3.2567732163809437
5324,71552.3,0.0,3.29,9,0.4303730664513665,3.2567732163809437,0.0,3.2567732163809437
5325,71852.3,0.0,3.29,9,0.4303730664513665,3.2567732163809437,0.0,3.2567732163809437
5326,72152.3,0.0,3.29,9,0.4303730664513665,3.2567732163809437,0.0,3.2567732163809437
6055,73472.9,0.0,3.265,5,0.33292659177189843,3.2301258374192896,0.0,3.2301258374192896
6056,73772.9,0.0,3.27,5,0.33292659177189843,3.2301258374192896,0.0,3.2301258374192896
6057,74072.9,0.0,3.273,5,0.33292659177189843,3.2301258374192896,0.0,3.2301258374192896
6058,74372.9,0.0,3.276,5,0.33292659177189843,3.2301258374192896,0.0,3.2301258374192896
6059,74672.9,0.0,3.277,5,0.33292659177189843,3.2301258374192896,0.0,3.2301258374192896
6077,75282.9,0.0,3.278,7,0.32902849506311793,3.230094399937906,0.0,3.230094399937906
6078,75582.9,0.0,3.28,7,0.32902849506311793,3.230094399937906,0.0,3.230094399937906
6079,75882.9,0.0,3.281,7,0.32902849506311793,3.230094399937906,0.0,3.230094399937906
6080,76182.9,0.0,3.281,7,0.32902849506311793,3.230094399937906,0.0,3.230094399937906
6081,76482.9,0.0,3.282,7,0.32902849506311793,3.230094399937906,0.0,3.230094399937906
6099,77092.9,0.0,3.285,9,0.33272639494301137,3.2301221595489014,0.0,3.2301221595489014
6100,77392.9,0.0,3.285,9,0.33272639494301137,3.2301221595489014,0.0,3.2301221595489014
6101,77692.9,0.0,3.285,9,0.33272639494301137,3.2301221595489014,0.0,3.2301221595489014
6102,77992.9,0.0,3.286,9,0.33272639494301137,3.2301221595489014,0.0,3.2301221595489014
6103,78292.9,0.0,3.286,9,0.33272639494301137,3.2301221595489014,0.0,3.2301221595489014
6832,79613.4,0.0,3.242,5,0.2352933592988221,3.247564060802516,0.0,3.247564060802516
6833,79913.4,0.0,3.247,5,0.2352933592988221,3.247564060802516,0.0,3.247564060802516
6834,80213.4,0.0,3.25,5,0.2352933592988221,3.247564060802516,0.0,3.247564060802516
6835,80513.4,0.0,3.252,5,0.2352933592988221,3.247564060802516,0.0,3.247564060802516
6836,80813.4,0.0,3.253,5,0.2352933592988221,3.247564060802516,0.0,3.247564060802516
6854,81423.4,0.0,3.253,7,0.2313959196095442,3.2484789799854883,0.0,3.2484789799854883
6855,81723.4,0.0,3.254,7,0.2313959196095442,3.2484789799854883,0.0,3.2484789799854883
6856,82023.4,0.0,3.255,7,0.2313959196095442,3.2484789799854883,0.0,3.2484789799854883
6857,82323.4,0.0,3.256,7,0.2313959196095442,3.2484789799854883,0.0,3.2484789799854883
6858,82623.4,0.0,3.256,7,0.2313959196095442,3.2484789799854883,0.0,3.2484789799854883
6876,83233.4,0.0,3.26,9,0.23516306038565227,3.2475954072010285,0.0,3.2475954072010285
6877,83533.4,0.0,3.26,9,0.23516306038565227,3.2475954072010285,0.0,3.2475954072010285
6878,83833.4,0.0,3.26,9,0.23516306038565227,3.2475954072010285,0.0,3.2475954072010285
6879,84133.4,0.0,3.26,9,0.23516306038565227,3.2475954072010285,0.0,3.2475954072010285
6880,84433.4,0.0,3.26,9,0.23516306038565227,3.2475954072010285,0.0,3.2475954072010285
7609,85753.9,0.0,3.204,5,0.13772987541884896,3.22238986430268,0.0,3.22238986430268
7610,86053.9,0.0,3.207,5,0.13772987541884896,3.22238986430268,0.0,3.22238986430268
7611,86353.9,0.0,3.208,5,0.13772987541884896,3.22238986430268,0.0,3.22238986430268
7612,86653.9,0.0,3.21,5,0.13772987541884896,3.22238986430268,0.0,3.22238986430268
7613,86953.9,0.0,3.21,5,0.13772987541884896,3.22238986430268,0.0,3.22238986430268
7631,87563.9,0.0,3.209,7,0.13383215201660403,3.2174435405463138,0.0,3.2174435405463138
7632,87863.9,0.0,3.21,7,0.13383215201660403,3.2174435405463138,0.0,3.2174435405463138
7633,88163.9,0.0,3.21,7,0.13383215201660403,3.2174435405463138,0.0,3.2174435405463138
7634,88463.9,0.0,3.2110000000000003,7,0.13383215201660403,3.2174435405463138,0.0,3.2174435405463138
7635,88763.9,0.0,3.2110000000000003,7,0.13383215201660403,3.2174435405463138,0.0,3.2174435405463138
7653,89373.9,0.0,3.214,9,0.13762685774729755,3.22226524873147,0.0,3.22226524873147
7654,89673.9,0.0,3.214,9,0.13762685774729755,3.22226524873147,0.0,3.22226524873147
7655,89973.9,0.0,3.214,9,0.13762685774729755,3.22226524873147,0.0,3.22226524873147
7656,90273.9,0.0,3.214,9,0.13762685774729755,3.22226524873147,0.0,3.22226524873147
7657,90573.9,0.0,3.214,9,0.13762685774729755,3.22226524873147,0.0,3.22226524873147
8386,91894.5,0.0,3.077,5,0.04018032333878219,2.8830082970009885,0.0,2.8830082970009885
8387,92194.5,0.0,3.0810000000000004,5,0.04018032333878219,2.8830082970009885,0.0,2.8830082970009885
8388,92494.5,0.0,3.083,5,0.04018032333878219,2.8830082970009885,0.0,2.8830082970009885
8389,92794.5,0.0,3.084,5,0.04018032333878219,2.8830082970009885,0.0,2.8830082970009885
8390,93094.5,0.0,3.085,5,0.04018032333878219,2.8830082970009885,0.0,2.8830082970009885
8408,93704.5,0.0,3.073,7,0.03628245061392299,2.856444031583464,0.0,2.856444031583464
8409,94004.5,0.0,3.074,7,0.03628245061392299,2.856444031583464,0.0,2.856444031583464
8410,94304.5,0.0,3.075,7,0.03628245061392299,2.856444031583464,0.0,2.856444031583464
8411,94604.5,0.0,3.076,7,0.03628245061392299,2.856444031583464,0.0,2.856444031583464
8412,94904.5,0.0,3.077,7,0.03628245061392299,2.856444031583464,0.0,2.856444031583464
8430,95514.5,0.0,3.092,9,0.04000510818325442,2.8818425541228914,0.0,2.8818425541228914
8431,95814.5,0.0,3.092,9,0.04000510818325442,2.8818425541228914,0.0,2.8818425541228914
8432,96114.5,0.0,3.092,9,0.04000510818325442,2.8818425541228914,0.0,2.8818425541228914
8433,96414.5,0.0,3.092,9,0.04000510818325442,2.8818425541228914,0.0,2.8818425541228914
8434,96714.5,0.0,3.092,9,0.04000510818325442,2.8818425541228914,0.0,2.8818425541228914
8714,97585.7,0.0,2.681,11,0.002953840225488169,2.5694463605636892,0.0,2.5694463605636892
8715,97885.7,0.0,2.693,11,0.002953840225488169,2.5694463605636892,0.0,2.5694463605636892
8716,98185.7,0.0,2.701,11,0.002953840225488169,2.5694463605636892,0.0,2.5694463605636892
8717,98485.7,0.0,2.708,11,0.002953840225488169,2.5694463605636892,0.0,2.5694463605636892
8718,98785.7,0.0,2.713,11,0.002953840225488169,2.5694463605636892,0.0,2.5694463605636892
8736,99395.7,0.0,2.785,13,0.006807170014525132,2.6086156701887853,0.0,2.6086156701887853
8737,99695.7,0.0,2.786,13,0.006807170014525132,2.6086156701887853,0.0,2.6086156701887853
8738,99995.7,0.0,2.7880000000000003,13,0.006807170014525132,2.6086156701887853,0.0,2.6086156701887853
8739,100295.7,0.0,2.79,13,0.006807170014525132,2.6086156701887853,0.0,2.6086156701887853
8740,100595.7,0.0,2.792,13,0.006807170014525132,2.6086156701887853,0.0,2.6086156701887853
8758,101205.7,0.0,2.734,15,0.002909461544541747,2.568985321400752,0.0,2.568985321400752
8759,101505.7,0.0,2.738,15,0.002909461544541747,2.568985321400752,0.0,2.568985321400752
8760,101805.7,0.0,2.741,15,0.002909461544541747,2.568985321400752,0.0,2.568985321400752
8761,102105.7,0.0,2.7430000000000003,15,0.002909461544541747,2.568985321400752,0.0,2.568985321400752
8762,102405.7,0.0,2.745,15,0.002909461544541747,2.568985321400752,0.0,2.568985321400752
8780,103015.7,0.0,2.806,17,0.006751771324649103,2.6080644976611165,0.0,2.6080644976611165
8781,103315.7,0.0,2.806,17,0.006751771324649103,2.6080644976611165,0.0,2.6080644976611165
8782,103615.7,0.0,2.807,17,0.006751771324649103,2.6080644976611165,0.0,2.6080644976611165
8783,103915.7,0.0,2.807,17,0.006751771324649103,2.6080644976611165,0.0,2.6080644976611165
8784,104215.7,0.0,2.8080000000000003,17,0.006751771324649103,2.6080644976611165,0.0,2.6080644976611165
8914,104936.8,0.0,2.602,19,0.0,2.538257867497877,0.0,2.538257867497877
8915,105236.8,0.0,2.611,19,0.0,2.538257867497877,0.0,2.538257867497877
8916,105536.8,0.0,2.617,19,0.0,2.538257867497877,0.0,2.538257867497877
8917,105836.8,0.0,2.623,19,0.0,2.538257867497877,0.0,2.538257867497877
8918,106136.8,0.0,2.628,19,0.0,2.538257867497877,0.0,2.538257867497877
9280,110276.8,6.0,3.319,20,0.20938016966168282,3.2523034839013096,0.011116086016448387,3.319
9281,110576.8,6.0,3.326,20,0.22550701199762757,3.2497556165779278,0.01270739723701205,3.326
9282,110876.8,6.0,3.333,20,0.24163385433357243,3.245987285232088,0.014502119127985344,3.333
9283,111176.8,6.0,3.338,20,0.2577606966695172,3.2417387583817057,0.016043540269715734,3.338
9284,111476.8,6.0,3.342,20,0.2738875390054619,3.2376158792515977,0.01739735345806707,3.342
9285,111776.8,6.0,3.345,20,0.2900143813414068,3.2340993609236883,0.01848343984605198,3.345
9286,112076.8,6.0,3.346,20,0.3061412236773515,3.2315540814872086,0.01907431975213192,3.346
9287,112376.8,6.0,3.3480000000000003,20,0.3222680660132963,3.2302383791888967,0.019626936801850608,3.3480000000000003
9288,112676.8,6.0,3.349,20,0.338394908349241,3.2303133475832024,0.019781108736132962,3.349
9289,112976.8,6.0,3.349,20,0.3545217506851859,3.2318521306824888,0.019524644886251902,3.349
9290,113276.8,6.0,3.35,20,0.3706485930211306,3.23484921810723,0.019191796982128324,3.35
9291,113576.8,6.0,3.3510000000000004,20,0.38677543535707537,3.2392297402362176,0.018628376627297143,3.3510000000000004
9292,113876.8,6.0,3.352,20,0.4029022776930201,3.2448587633567585,0.017856872773873562,3.352
9293,114176.8,6.0,3.353,20,0.419029120028965,3.251550584814879,0.016908235864186844,3.353
9294,114476.8,6.0,3.355,20,0.4351559623649097,3.2590780281655265,0.015986995305745582,3.355
9295,114776.8,6.0,3.3560000000000003,20,0.45128280470085447,3.2671817383227673,0.014803043612872177,3.3560000000000003
9296,115076.8,6.0,3.357,20,0.4674096470367993,3.2755794767099986,0.013570087215000267,3.357
9297,115376.8,6.0,3.359,20,0.48353648937274396,3.2839754164101294,0.012504097264978439,3.359
9298,115676.8,6.0,3.361,20,0.4996633317086888,3.292069437315809,0.011488427114031863,3.361
9299,115976.8,6.0,3.364,20,0.5157901740446337,3.2995664212796103,0.010738929786731596,3.364
9300,116276.8,6.0,3.366,20,0.5319170163805785,3.3061855472642345,0.00996907545596093,3.366
9301,116576.8,6.0,3.369,20,0.5480438587165232,3.3116695864927173,0.009555068917880494,3.369
9302,116876.8,6.0,3.372,20,0.564170701052468,3.3157941975986267,0.009367633733562197,3.372
9303,117176.8,6.0,3.375,20,0.5802975433884129,3.3183772217762604,0.009437129703956604,3.375
9304,117476.8,6.0,3.377,20,0.5964243857243575,3.319287977930866,0.009618670344855603,3.377
9305,117776.8,6.0,3.38,20,0.6125512280603024,3.318456557828813,0.010257240361864447,3.38
9306,118076.8,6.0,3.382,20,0.628678070396247,3.315883121247829,0.011019479792028516,3.382
9307,118376.8,6.0,3.383,20,0.6448049127321919,3.3116471911271677,0.011892134812138725,3.383
9308,118676.8,6.0,3.385,20,0.6609317550681367,3.305916948717835,0.013180508547027495,3.385
9309,118976.8,6.0,3.386,20,0.6770585974040814,3.298958528732772,0.014506911877871342,3.386
9310,119276.8,6.0,3.388,20,0.6931854397400262,3.291145314497084,0.016142447583819292,3.388
9311,119576.8,6.0,3.389,20,0.7093122820759711,3.2829672330982085,0.017672127816965217,3.389
9312,119876.8,6.0,3.39,20,0.7254391244119157,3.2750400505361377,0.01915999157731041,3.39
9313,120176.8,6.0,3.392,20,0.7415659667478606,3.268114666873615,0.02064755552106412,3.392
9314,120476.8,6.0,3.394,20,0.7576928090838052,3.2630864113863476,0.021818931435608757,3.394
9315,120776.8,6.0,3.3960000000000004,20,0.7738196514197501,3.2610043377131746,0.0224992770478043,3.3960000000000004
9316,121076.8,6.0,3.397,20,0.7899464937556949,3.2630805190063095,0.02231991349894839,3.397
9317,121376.8,6.0,3.4,20,0.8060733360916396,3.270699343081528,0.021550109486411968,3.4
9318,121676.8,6.0,3.402,20,0.8222001784275844,3.285426807568337,0.019428865405277218,3.402
9319,121976.8,6.0,3.406,20,0.8383270207635293,3.3090198150602594,0.01616336415662345,3.406
9320,122276.8,6.0,3.412,20,0.8544538630994739,3.3434354682649055,0.011427421955849079,3.412
9321,122576.8,6.0,3.4210000000000003,20,0.8705807054354188,3.390840365154312,0.005026605807614715,3.4210000000000003
9322,122876.8,6.0,3.44,20,0.8867075477713636,3.4536198941150777,0.002269982352512967,3.4672397882301556
9323,123176.8,6.0,3.528,20,0.9028343901073083,3.53438752909853,0.0010645881830883368,3.54077505819706
9331,123822.9,0.0,3.437,21,0.9125094338250878,3.5926513744534714,0.0,3.5926513744534714
9332,124122.9,0.0,3.412,21,0.9125094338250878,3.5926513744534714,0.0,3.5926513744534714
9333,124422.9,0.0,3.399,21,0.9125094338250878,3.5926513744534714,0.0,3.5926513744534714
9334,124722.9,0.0,3.392,21,0.9125094338250878,3.5926513744534714,0.0,3.5926513744534714
9335,125022.9,0.0,3.386,21,0.9125094338250878,3.5926513744534714,0.0,3.5926513744534714
11378,145967.6,0.0,3.31,25,0.4571169721356224,3.270201127751911,0.0,3.270201127751911
11379,146267.6,0.0,3.3080000000000003,25,0.4571169721356224,3.270201127751911,0.0,3.270201127751911
11380,146567.6,0.0,3.306,25,0.4571169721356224,3.270201127751911,0.0,3.270201127751911
11381,146867.6,0.0,3.305,25,0.4571169721356224,3.270201127751911,0.0,3.270201127751911
11382,147167.6,0.0,3.305,25,0.4571169721356224,3.270201127751911,0.0,3.270201127751911
