,Total Time,Current,OCV,SoC
0,2.5,0.0,3.502,0.0874269326108521
99,13090.8,0.0,4.196000000000001,0.9813675438130449
183,17071.8,0.0,4.102,0.9264292825447726
247,17461.4,0.0,4.041,0.8736103247490394
311,17853.0,0.0,3.982,0.8209406229784835
375,18243.6,0.0,3.926,0.7682709212079291
439,18634.2,0.0,3.869,0.7156012194373731
503,19024.8,0.0,3.811,0.6627821636280526
567,19414.4,0.0,3.757,0.6099631078187311
631,19803.0,0.0,3.714,0.556994697970645
695,20193.6,0.0,3.68,0.504175642161325
759,20583.2,0.0,3.654,0.4513565863520037
823,20972.8,0.0,3.632,0.39853753054268326
887,21363.4,0.0,3.613,0.34571847473336215
951,21754.0,0.0,3.593,0.29289941892404103
1015,22142.6,0.0,3.568,0.23993100907595588
1079,22532.2,0.0,3.53,0.18711195326663455
1143,22922.8,0.0,3.488,0.13429289745731432
1207,23312.4,0.0,3.454,0.08147384164799287
1271,23705.0,0.0,3.297,0.02895349391620239
1386,34468.9,0.0,4.197,1.0028842964164921
8084,41175.4,0.0,3.067,0.002062882650739062
